序号	单词	次数	列	行	频度
 1	a	35	1	3	0.064695
 2	able	7	16	27	0.012939
 3	again	2	10	27	0.003697
 4	ago	1	3	4	0.001848
 5	ahead	1	11	15	0.001848
 6	alabama	3	13	8	0.005545
 7	all	7	6	52	0.012939
 8	alleghenies	1	23	28	0.001848
 9	allow	2	10	18	0.003697
10	almighty	1	29	63	0.001848
11	alone	1	10	109	0.001848
12	also	1	7	101	0.001848
13	always	1	11	13	0.001848
14	am	2	2	2	0.003697
15	america	5	7	6	0.009242
16	american	4	3	7	0.007394
17	an	5	4	75	0.009242
18	and	39	4	30	0.072089
19	appalling	1	5	10	0.001848
20	arae	1	29	65	0.001848
21	architects	1	6	16	0.001848
22	are	6	7	19	0.011091
23	areas	1	12	34	0.001848
24	as	19	2	16	0.035120
25	ask	1	11	25	0.001848
26	at	4	16	32	0.007394
27	autumn	1	8	31	0.001848
28	awakening	1	8	64	0.001848
29	back	9	7	41	0.016636
30	bad	1	7	34	0.001848
31	bank	1	7	52	0.001848
32	bankrupt	1	7	56	0.001848
33	basic	1	11	97	0.001848
34	battered	1	12	42	0.001848
35	bave	1	8	62	0.001848
36	be	31	6	63	0.057301
37	beacon	1	3	26	0.001848
38	beautiful	1	21	53	0.001848
39	become	1	22	63	0.001848
40	been	2	3	37	0.003697
41	beginning	1	8	44	0.001848
42	believe	2	7	49	0.003697
43	believes	1	11	153	0.001848
44	bitterness	1	9	57	0.001848
45	black	4	6	55	0.007394
46	blow	1	8	53	0.001848
47	bodies	1	11	65	0.001848
48	bound	1	10	102	0.001848
49	boys	1	19	37	0.001848
50	bright	1	8	106	0.001848
51	brotherhood	3	7	186	0.005545
52	brothers	2	10	70	0.003697
53	brutality	2	11	55	0.003697
54	business	1	8	70	0.001848
55	but	6	4	1	0.011091
56	by	8	4	25	0.014787
57	california	1	25	9	0.001848
58	came	2	3	22	0.003697
59	can	6	11	17	0.011091
60	cannot	4	10	107	0.007394
61	capital	1	6	9	0.001848
62	captivity	1	3	58	0.001848
63	carolina	1	13	13	0.001848
64	cash	2	6	11	0.003697
65	catholics	1	29	38	0.001848
66	cells	1	12	27	0.001848
67	chains	1	4	32	0.001848
68	changed	1	13	42	0.001848
69	character	1	18	30	0.001848
70	check	5	6	13	0.009242
71	children	5	7	200	0.009242
72	cithzens	1	7	16	0.001848
73	cities	2	11	87	0.003697
74	citizenship	1	8	88	0.001848
75	city	1	29	13	0.001848
76	civil	1	11	29	0.001848
77	color	1	7	18	0.001848
78	colorado	1	24	9	0.001848
79	come	10	5	4	0.018484
80	community	1	10	53	0.001848
81	concerned	1	7	20	0.001848
82	condition	1	5	11	0.001848
83	conduct	1	10	4	0.001848
84	constitution	1	6	26	0.001848
85	content	2	8	60	0.003697
86	continue	2	8	96	0.003697
87	cooling	1	7	126	0.001848
88	corners	1	4	68	0.001848
89	country'tis	1	22	25	0.001848
90	created	1	15	33	0.001848
91	creative	2	10	20	0.003697
92	creed	1	15	21	0.001848
93	crippled	1	4	24	0.001848
94	cup	1	9	55	0.001848
95	curvaceous	1	25	6	0.001848
96	dark	1	7	154	0.001848
97	day	12	8	107	0.022181
98	day-break	1	3	50	0.001848
99	declaration	1	6	29	0.001848
100	decree	1	3	21	0.001848
101	deeds	1	9	40	0.001848
102	deeply	1	14	28	0.001848
103	defaulted	1	7	8	0.001848
104	degenerate	1	10	23	0.001848
105	demand	1	7	89	0.001848
106	democracy	1	7	145	0.001848
107	demonstration	1	2	19	0.001848
108	desert	1	17	10	0.001848
109	desolate	1	7	156	0.001848
110	despair	2	13	51	0.003697
111	destiny	2	10	84	0.003697
112	devotees	1	11	27	0.001848
113	died	1	22	40	0.001848
114	difficulties	1	14	14	0.001848
115	dignity	2	10	12	0.003697
116	discipline	1	10	14	0.001848
117	discontent	1	8	22	0.001848
118	discords	1	21	47	0.001848
119	discrimination	1	4	34	0.001848
120	distrust	1	10	60	0.001848
121	down	4	2	13	0.007394
122	dramatize	1	5	8	0.001848
123	dream	12	1	4	0.022181
124	drinking	1	9	52	0.001848
125	dripping	1	19	21	0.001848
126	drug	1	7	132	0.001848
127	emancipation	1	3	17	0.001848
128	emerges	1	8	110	0.001848
129	end	2	3	52	0.003697
130	engage	1	7	121	0.001848
131	engulfed	1	10	50	0.001848
132	equal	1	15	34	0.001848
133	equality	1	8	35	0.001848
134	even	2	14	9	0.003697
135	every	7	6	40	0.012939
136	evidenced	1	10	72	0.001848
137	evolt	1	8	94	0.001848
138	exalted	1	20	12	0.001848
139	exile	1	4	76	0.001848
140	face	1	14	12	0.001848
141	faith	5	12	69	0.009242
142	fall	1	6	44	0.001848
143	fatal	1	8	4	0.001848
144	fathers	1	22	39	0.001848
145	fatigue	1	11	69	0.001848
146	fierce	1	7	112	0.001848
147	finds	1	4	73	0.001848
148	five	1	3	1	0.001848
149	flames	1	3	41	0.001848
150	flesh	1	20	39	0.001848
151	for	9	2	20	0.016636
152	force	2	10	40	0.003697
153	forever	1	10	3	0.001848
154	former	2	16	17	0.003697
155	foundations	1	8	100	0.001848
156	four	1	18	3	0.001848
157	free	5	4	11	0.009242
158	freedom	20	2	21	0.036969
159	fresh	1	12	23	0.001848
160	friends	1	14	7	0.001848
161	from	17	7	152	0.031423
162	funds	2	7	44	0.003697
163	gain	1	11	74	0.001848
164	gaining	1	9	29	0.001848
165	gentiles	1	29	35	0.001848
166	georgia	3	13	17	0.005545
167	ghetto	1	11	103	0.001848
168	ghettos	1	13	28	0.001848
169	girls	1	19	40	0.001848
170	give	1	7	86	0.001848
171	given	1	7	29	0.001848
172	glory	1	20	30	0.001848
173	go	9	2	12	0.016636
174	god	1	29	62	0.001848
175	god's	3	7	199	0.005545
176	governor	1	19	17	0.001848
177	gradualism	1	7	134	0.001848
178	granted	1	8	86	0.001848
179	great	5	3	6	0.009242
180	greatest	1	2	18	0.001848
181	guaranteed	1	6	64	0.001848
182	guity	1	9	37	0.001848
183	had	1	3	36	0.001848
184	hallowed	1	7	105	0.001848
185	hampshire	1	23	11	0.001848
186	hands	1	29	44	0.001848
187	happiness	1	6	75	0.001848
188	happy	1	2	3	0.001848
189	has	5	7	7	0.009242
190	hatred	1	9	59	0.001848
191	have	18	1	2	0.033272
192	having	1	19	18	0.001848
193	he	1	11	154	0.001848
194	heat	1	17	21	0.001848
195	heavy	1	11	66	0.001848
196	heeat	1	17	15	0.001848
197	heightening	1	23	27	0.001848
198	heights	1	10	36	0.001848
199	heir	1	6	45	0.001848
200	her	1	7	15	0.001848
201	here	3	5	5	0.005545
202	hew	1	21	25	0.001848
203	high	1	10	9	0.001848
204	highways	1	11	81	0.001848
205	hill	2	20	14	0.003697
206	hills	1	16	11	0.001848
207	hilltops	1	23	8	0.001848
208	himself	1	4	74	0.001848
209	his	3	4	78	0.005545
210	history	2	2	15	0.003697
211	hold	1	15	23	0.001848
212	honoring	1	7	23	0.001848
213	hope	4	3	29	0.007394
214	horrors	1	11	52	0.001848
215	hotels	1	11	84	0.001848
216	hundred	4	4	3	0.007394
217	i	16	1	1	0.029575
218	if	2	8	65	0.003697
219	in	22	2	9	0.040665
220	independence	1	6	31	0.001848
221	inextricably	1	10	101	0.001848
222	injustice	3	3	44	0.005545
223	insofar	1	7	13	0.001848
224	instead	1	7	21	0.001848
225	insufficient	2	7	43	0.003697
226	interposition	1	19	26	0.001848
227	into	4	9	20	0.007394
228	invigorating	1	8	30	0.001848
229	is	23	4	8	0.042514
230	island	1	4	45	0.001848
231	it	6	3	45	0.011091
232	its	3	15	20	0.005545
233	jail	2	12	26	0.003697
234	jangling	1	21	46	0.001848
235	jews	1	29	33	0.001848
236	join	2	2	5	0.003697
237	joyous	1	3	49	0.001848
238	jr	1	1	8	0.001848
239	judged	1	18	18	0.001848
240	justice	8	7	54	0.014787
241	king	1	1	7	0.001848
242	knowing	2	13	33	0.003697
243	land	4	4	80	0.007394
244	languished	1	4	65	0.001848
245	larger	1	11	106	0.001848
246	las	1	11	63	0.001848
247	last	3	29	57	0.005545
248	later	4	4	5	0.007394
249	lead	1	10	56	0.001848
250	leads	1	9	19	0.001848
251	left	1	12	40	0.001848
252	legitimate	1	8	21	0.001848
253	let	13	9	41	0.024030
254	liberty	2	6	70	0.003697
255	life	2	4	17	0.003697
256	lift	1	7	171	0.001848
257	light	1	3	27	0.001848
258	like	2	11	177	0.003697
259	lips	1	19	20	0.001848
260	little	2	18	4	0.003697
261	live	2	15	14	0.003697
262	lives	1	4	41	0.001848
263	lodging	1	11	75	0.001848
264	lonely	1	4	44	0.001848
265	long	6	3	54	0.011091
266	lookout	1	27	5	0.001848
267	lord	1	20	33	0.001848
268	louisiana	1	13	21	0.001848
269	low	1	20	20	0.001848
270	luther	1	1	6	0.001848
271	luxury	1	7	124	0.001848
272	made	2	20	19	0.003697
273	magnificent	1	6	22	0.001848
274	majestic	1	10	35	0.001848
275	make	3	7	140	0.005545
276	manacles	1	4	27	0.001848
277	many	1	10	66	0.001848
278	march	1	11	14	0.001848
279	marked	1	7	42	0.001848
280	martin	1	1	5	0.001848
281	marvelous	1	10	45	0.001848
282	material	1	4	55	0.001848
283	meaning	2	15	18	0.003697
284	meeting	1	10	38	0.001848
285	men	6	6	53	0.011091
286	midst	1	4	50	0.001848
287	mighty	2	11	183	0.003697
288	militancy	1	10	47	0.001848
289	millions	1	3	31	0.001848
290	mississippi	4	11	144	0.007394
291	mobility	1	11	98	0.001848
292	molehill	1	28	8	0.001848
293	moment	1	8	14	0.001848
294	momentous	1	3	20	0.001848
295	motels	1	11	78	0.001848
296	mountain	4	20	16	0.007394
297	mountains	1	23	18	0.001848
298	mountainside	2	22	48	0.003697
299	must	7	9	34	0.012939
300	muxt	1	9	7	0.001848
301	my	5	9	10	0.009242
302	narrow	1	12	25	0.001848
303	nation	10	2	27	0.018484
304	nation's	1	6	8	0.001848
305	needed	1	8	51	0.001848
306	negro	13	3	33	0.024030
307	negro's	2	8	20	0.003697
308	neither	1	8	76	0.001848
309	never	3	11	38	0.005545
310	new	5	10	46	0.009242
311	night	1	3	55	0.001848
312	nineteen	1	8	36	0.001848
313	no	3	7	118	0.005545
314	nor	1	8	78	0.001848
315	northen	1	13	31	0.001848
316	not	15	4	10	0.027726
317	note	3	6	37	0.005545
318	nothing	1	11	156	0.001848
319	now	6	7	115	0.011091
320	nullification	1	19	28	0.001848
321	oasis	1	17	29	0.001848
322	obligation	1	7	26	0.001848
323	obvious	1	7	3	0.001848
324	ocean	1	4	53	0.001848
325	of	99	2	25	0.182994
326	off	2	7	127	0.003697
327	old	1	29	52	0.001848
328	on	5	4	42	0.009242
329	one	13	4	2	0.024030
330	only	2	11	133	0.003697
331	opportunity	1	7	71	0.001848
332	oppression	1	17	23	0.001848
333	our	17	2	26	0.031423
334	out	3	12	12	0.005545
335	overlook	1	8	9	0.001848
336	own	1	4	79	0.001848
337	palace	1	9	22	0.001848
338	pass	1	8	25	0.001848
339	pennsylvania	1	23	30	0.001848
340	people	3	7	32	0.005545
341	persecution	1	12	47	0.001848
342	physical	2	10	25	0.003697
343	pilgrim's	1	22	44	0.001848
344	place	1	9	32	0.001848
345	places	1	20	23	0.001848
346	plane	1	10	10	0.001848
347	pledge	1	11	9	0.001848
348	police	2	11	54	0.003697
349	poverty	1	4	47	0.001848
350	pray	1	21	68	0.001848
351	presence	1	10	75	0.001848
352	pride	1	22	45	0.001848
353	process	1	9	27	0.001848
354	proclamation	1	3	18	0.001848
355	prodigious	1	23	7	0.001848
356	promise	1	6	50	0.001848
357	promises	1	7	143	0.001848
358	promissory	2	6	36	0.003697
359	prosperity	1	4	56	0.001848
360	protest	1	10	21	0.001848
361	protestants	1	29	36	0.001848
362	pursuit	1	6	73	0.001848
363	quest	1	12	37	0.001848
364	quick	1	7	176	0.001848
365	r	1	8	93	0.001848
366	racial	2	7	164	0.003697
367	racists	1	19	14	0.001848
368	real	1	7	141	0.001848
369	reality	1	7	195	0.001848
370	realize	2	10	81	0.003697
371	red	1	16	10	0.001848
372	redemptive	1	12	74	0.001848
373	refuse	2	7	47	0.003697
374	remind	1	7	108	0.001848
375	republic	1	6	19	0.001848
376	rest	1	8	77	0.001848
377	returns	1	8	68	0.001848
378	revealed	1	20	36	0.001848
379	riches	1	7	91	0.001848
380	right	1	19	31	0.001848
381	righteousness	1	11	180	0.001848
382	rightful	1	9	31	0.001848
383	rights	3	6	67	0.005545
384	ring	12	22	51	0.022181
385	rise	3	7	151	0.005545
386	robbed	1	11	124	0.001848
387	rock	1	7	184	0.001848
388	rockies	1	24	7	0.001848
389	rolls	1	11	175	0.001848
390	rooted	1	14	29	0.001848
391	rough	1	20	22	0.001848
392	rude	1	8	63	0.001848
393	sacred	1	7	25	0.001848
394	sadly	1	4	23	0.001848
395	sands	1	7	177	0.001848
396	satisfied	8	11	35	0.014787
397	satisfy	1	9	46	0.001848
398	say	2	9	8	0.003697
399	score	1	3	2	0.001848
400	seared	1	3	38	0.001848
401	security	1	7	96	0.001848
402	see	1	20	41	0.001848
403	seek	1	9	44	0.001848
404	segregation	2	4	29	0.003697
405	self-evident	1	15	28	0.001848
406	selfhood	1	11	122	0.001848
407	sense	1	6	3	0.001848
408	shadow	1	3	11	0.001848
409	shake	1	8	98	0.001848
410	shall	5	11	12	0.009242
411	signed	1	3	15	0.001848
412	signing	1	6	34	0.001848
413	signs	1	11	129	0.001848
414	sing	3	22	20	0.005545
415	sisters	1	19	42	0.001848
416	sit	1	16	29	0.001848
417	situation	1	13	37	0.001848
418	sixty-three	1	8	37	0.001848
419	skin	1	18	23	0.001848
420	slaveowners	1	16	24	0.001848
421	slaves	2	3	34	0.003697
422	slopes	1	25	7	0.001848
423	slums	1	13	26	0.001848
424	smaller	1	11	102	0.001848
425	snowcapped	1	24	6	0.001848
426	so	4	5	1	0.007394
427	society	1	4	71	0.001848
428	solid	1	7	183	0.001848
429	some	3	12	6	0.005545
430	somehow	1	13	35	0.001848
431	something	1	9	4	0.001848
432	sons	2	16	15	0.003697
433	soul	1	10	42	0.001848
434	south	2	13	12	0.003697
435	speed	1	29	19	0.001848
436	spiritual	1	29	54	0.001848
437	spot	1	7	106	0.001848
438	staggered	1	12	49	0.001848
439	stand	3	3	13	0.005545
440	state	2	17	6	0.003697
441	stating	1	11	130	0.001848
442	steam	1	8	55	0.001848
443	still	4	4	9	0.007394
444	stone	2	21	33	0.003697
445	storms	1	12	45	0.001848
446	straight	1	20	27	0.001848
447	stream	1	11	184	0.001848
448	stripped	1	11	119	0.001848
449	struggle	2	10	6	0.003697
450	suffering	2	12	63	0.003697
451	summer	1	8	17	0.001848
452	sunlight	1	7	162	0.001848
453	sweet	1	22	28	0.001848
454	sweltering	3	8	16	0.005545
455	symbolic	1	3	10	0.001848
456	symphony	1	21	54	0.001848
457	table	1	16	34	0.001848
458	take	1	7	129	0.001848
459	tennessee	1	27	8	0.001848
460	thank	1	29	61	0.001848
461	that	24	6	51	0.044362
462	the	100	2	17	0.184843
463	thecolor	1	18	20	0.001848
464	thee	2	22	27	0.003697
465	their	8	3	57	0.014787
466	there	6	7	62	0.011091
467	these	1	15	24	0.001848
468	they	3	6	32	0.005545
469	thirst	1	9	48	0.001848
470	this	19	3	19	0.035120
471	those	2	8	45	0.003697
472	though	1	14	10	0.001848
473	threshold	1	9	17	0.001848
474	tied	1	10	86	0.001848
475	time	5	7	119	0.009242
476	to	58	2	4	0.107209
477	today	9	2	8	0.016636
478	togehter	1	21	72	0.001848
479	together	5	16	31	0.009242
480	toghther	1	20	43	0.001848
481	tomorrow	1	14	18	0.001848
482	tranquility	1	8	79	0.001848
483	tranquilizing	1	7	131	0.001848
484	transform	1	21	44	0.001848
485	transformed	1	17	26	0.001848
486	travel	1	11	71	0.001848
487	trials	1	12	15	0.001848
488	tribulations	1	12	17	0.001848
489	true	2	15	17	0.003697
490	truths	1	15	25	0.001848
491	turn	1	11	19	0.001848
492	unalienable	1	6	66	0.001848
493	unearned	1	12	71	0.001848
494	unmindful	1	12	4	0.001848
495	unspeakable	1	11	51	0.001848
496	until	4	8	26	0.007394
497	up	4	10	87	0.007394
498	upon	1	7	88	0.001848
499	urgency	2	7	113	0.003697
500	us	4	7	87	0.007394
501	usual	1	8	72	0.001848
502	valley	3	7	157	0.005545
503	vast	1	4	52	0.001848
504	vaults	1	7	69	0.001848
505	veterans	1	12	60	0.001848
506	vicious	1	19	13	0.001848
507	victim	1	11	48	0.001848
508	violence	1	10	26	0.001848
509	vote	2	11	146	0.003697
510	walk	2	10	108	0.003697
511	wallow	1	13	46	0.001848
512	warm	1	9	16	0.001848
513	was	2	6	42	0.003697
514	waters	1	11	178	0.001848
515	we	31	3	12	0.057301
516	we've	2	6	4	0.003697
517	well	1	6	58	0.001848
518	were	1	6	33	0.001848
519	what	1	2	10	0.001848
520	when	6	6	14	0.011091
521	where	3	12	35	0.005545
522	which	5	6	39	0.009242
523	whirlwinds	1	8	91	0.001848
524	white	4	6	60	0.007394
525	whites	1	11	132	0.001848
526	who	4	3	35	0.007394
527	whose	1	3	9	0.001848
528	will	25	2	11	0.046211
529	winds	1	12	52	0.001848
530	with	15	2	6	0.027726
531	withering	1	3	43	0.001848
532	words	3	6	23	0.005545
533	work	2	12	66	0.003697
534	would	2	6	62	0.003697
535	wrongful	1	9	39	0.001848
536	wrote	1	6	20	0.001848
537	years	5	3	3	0.009242
538	yes	1	6	54	0.001848
539	york	2	11	152	0.003697
540	you	8	2	7	0.014787
541	your	1	12	36	0.001848
